
**********************************************
TestOpticData\22195\lageos2_cpf_131022_7951.sgf
TestOpticData\TLE20131020.txt
TestOpticData\22195\track_13_10_22_22_23_simple_num199.dat
NORAD Size = 16495
Sat NONE	ID = 95646
Sat NONE	ID = 39066
Get Sat = 22195
Get Sat Name = Sat NONE
AP = 5951.044180 PR = 5616.873623 E = 0.013738
**********************************************
----------------------------------------------------------

NO CORRECT:
dRa	dDec	Pro	Nor	Z
-31.63	14.94	-34.96	-1.25	57.28
-26.91	12.25	-29.53	-1.39	57.00
-31.93	15.22	-35.36	-0.95	56.73
-35.87	15.92	-39.19	-2.01	56.45
-32.93	15.42	-36.35	-1.04	56.18
-35.59	16.64	-39.28	-1.05	55.90
-33.47	15.77	-36.99	-0.80	55.62
-37.74	17.21	-41.46	-1.31	55.34
-24.69	11.06	-27.04	-0.97	55.05
-29.66	12.95	-32.33	-1.40	54.77
-32.94	14.59	-36.00	-1.29	54.50
-39.71	16.98	-43.14	-2.00	54.21
----------------------------------------------------------

ABBERATION CORRECT:
dRa	dDec	Pro	Nor	Z
-1.51	1.00	-1.80	0.19	57.27
3.43	-1.70	3.83	0.05	57.00
-1.38	1.27	-1.81	0.50	56.72
-5.11	1.96	-5.45	-0.56	56.45
-1.97	1.46	-2.42	0.42	56.17
-4.43	2.68	-5.16	0.41	55.89
-2.10	1.81	-2.69	0.68	55.61
-6.18	3.25	-6.98	0.17	55.34
7.07	-2.90	7.62	0.52	55.05
2.29	-1.01	2.50	0.10	54.77
-0.80	0.63	-1.00	0.21	54.49
-7.39	3.03	-7.97	-0.49	54.21

ABBERATION AND TIME CORRECT:
dRa	dDec	Pro	Nor	Z
2.68	-1.31	2.99	0.07	57.27
7.65	-4.00	8.63	-0.07	57.00
2.85	-1.03	3.01	0.38	56.72
-0.86	-0.33	-0.62	-0.68	56.45
2.30	-0.83	2.42	0.30	56.17
-0.14	0.40	-0.31	0.29	55.89
2.20	-0.47	2.18	0.56	55.61
-1.86	0.98	-2.10	0.05	55.34
11.40	-5.16	12.51	0.40	55.05
6.64	-3.27	7.40	-0.02	54.77
3.56	-1.62	3.91	0.10	54.49
-3.01	0.79	-3.05	-0.60	54.21
----------------------------------------------------------

ABBERATION, REFRACTION AND TIME CORRECT:
dRa	dDec	Pro	Nor	Z
2.95	-1.44	3.28	0.08	57.27
7.91	-4.13	8.92	-0.06	57.00
3.11	-1.15	3.29	0.39	56.72
-0.60	-0.45	-0.33	-0.67	56.45
2.55	-0.94	2.70	0.31	56.17
0.11	0.28	-0.03	0.30	55.89
2.45	-0.58	2.45	0.57	55.61
-1.61	0.87	-1.83	0.06	55.34
11.65	-5.27	12.78	0.41	55.05
6.89	-3.37	7.67	-0.01	54.77
3.80	-1.72	4.17	0.11	54.49
-2.77	0.68	-2.79	-0.59	54.21
----------------------------------------------------------
